Noun Phrases
willing i
